             precision    recall  f1-score   support

  32239948        0.00      0.00      0.00         0
  32240004        0.00      0.00      0.00         0
  32240190        0.00      0.00      0.00         0
  32240217        0.06      0.50      0.11         2
  32240234        0.00      0.00      0.00         0
  32240326        0.00      0.00      0.00         0
  32240328        0.00      0.00      0.00         0
  32240334        0.00      0.00      0.00         0
  32240338        0.00      0.00      0.00         2
  32240348        0.00      0.00      0.00         0
  32240349        0.00      0.00      0.00         1
  32240352        0.00      0.00      0.00         2
  32240354        0.09      0.03      0.04        40
  32240356        0.00      0.00      0.00         0
  32240369        0.00      0.00      0.00         0
  32240381        0.00      0.00      0.00         5
  32240385        0.00      0.00      0.00         0
  32240386        0.00      0.00      0.00         0
  32240388        0.00      0.00      0.00         0
  32240422        0.00      0.00      0.00         0
  32240427        0.00      0.00      0.00         0
  32240429        0.00      0.00      0.00         0
  32240430        0.00      0.00      0.00         0
  32240431        0.00      0.00      0.00         0
  32240432        0.00      0.00      0.00         0
  32240452        0.00      0.00      0.00         0
  32240454        0.00      0.00      0.00         0
  32240467        0.00      0.00      0.00         0
  32240470        0.00      0.00      0.00         0
  32240472        0.00      0.00      0.00         4
  32240481        0.00      0.00      0.00         0
  32240493        0.00      0.00      0.00         0
  32240497        0.00      0.00      0.00         0
  32240530        0.00      0.00      0.00         0
  32240535        0.00      0.00      0.00         0
  32240546        0.00      0.00      0.00         0
  32240547        0.00      0.00      0.00         0
  32240550        0.00      0.00      0.00         0
  32240551        0.00      0.00      0.00         0
  32240553        0.00      0.00      0.00         0
  32240555        0.00      0.00      0.00         6
  32240558        0.00      0.00      0.00         0
  32240560        0.00      0.00      0.00         0
  32240563        0.00      0.00      0.00         0
  32240564        0.00      0.00      0.00         0
  32240565        0.00      0.00      0.00        10
  32240566        0.00      0.00      0.00         0
  32240571        0.00      0.00      0.00         0
  32240573        0.00      0.00      0.00         0
  32240575        0.00      0.00      0.00         0
  32240578        0.00      0.00      0.00         0
  32240586        0.00      0.00      0.00         0
  32240590        0.00      0.00      0.00         0
  32240591        0.00      0.00      0.00         0
  32240592        0.00      0.00      0.00         2
  32240601        0.00      0.00      0.00         0
  32240602        0.00      0.00      0.00         0
  32240604        0.00      0.00      0.00         0
  32240605        0.00      0.00      0.00         0
  32240607        0.00      0.00      0.00         0
  32240632        0.00      0.00      0.00         0
  32240634        0.00      0.00      0.00         0
  32240635        0.00      0.00      0.00         0
  32240650        0.00      0.00      0.00         7
  32240651        0.00      0.00      0.00         0
  32240654        0.00      0.00      0.00         0
  32240655        0.00      0.00      0.00         7
  32240657        0.00      0.00      0.00         0
  32240685        0.00      0.00      0.00         0
  32240686        0.00      0.00      0.00        53
  32240687        0.00      0.00      0.00         0
  32240688        0.00      0.00      0.00         0
  32240689        0.00      0.00      0.00         0
  32240691        0.00      0.00      0.00         0
  32240692        0.00      0.00      0.00         0
  32240696        0.02      0.09      0.03        11
  32240697        0.00      0.00      0.00         0
  32240698        0.12      0.05      0.07        62
  32240703        0.00      0.00      0.00         0
  32240707        0.00      0.00      0.00         0
  32240733        0.00      0.00      0.00         0
  32240735        0.00      0.00      0.00         2
  32240755        0.00      0.00      0.00         0
  32240781        0.00      0.00      0.00         0
  32240784        0.00      0.00      0.00         0
  32240789        0.00      0.00      0.00         0
  32240801        0.00      0.00      0.00         0
  32240819        0.00      0.00      0.00         0
  32240821        0.00      0.00      0.00         0
  32240823        0.00      0.00      0.00        11
  32240832        0.00      0.00      0.00         0
  32240833        0.00      0.00      0.00         0
  32240834        0.00      0.00      0.00         0
  32240835        0.00      0.00      0.00         0
  32240838        0.00      0.00      0.00         0
  32240839        0.00      0.00      0.00         2
  32240840        0.00      0.00      0.00         0
  32240841        0.17      0.02      0.03        56
  32240845        0.00      0.00      0.00         0
  32240846        0.00      0.00      0.00         0
  32240850        0.00      0.00      0.00         0
  32240852        0.00      0.00      0.00         0
  32240854        0.33      0.01      0.03        73
  32240857        0.00      0.00      0.00        16
  32240858        0.11      0.04      0.06        47
  32240861        0.00      0.00      0.00         0
  32240865        0.00      0.00      0.00         0
  32240867        0.00      0.00      0.00         0
  32240870        0.00      0.00      0.00         0
  32240872        0.28      0.06      0.10       113
  32240873        0.00      0.00      0.00         0
  32240875        0.00      0.00      0.00        77
  32240885        0.00      0.00      0.00         0
  32240891        0.12      0.05      0.07        78
  32240901        0.00      0.00      0.00         0
  32240914        0.00      0.00      0.00         0
  32240916        0.24      0.08      0.12        50
  32240956        0.00      0.00      0.00         2
  32241090        0.00      0.00      0.00         0
  32241151        0.00      0.00      0.00         0
  32241177        0.00      0.00      0.00         0
  32241333        0.00      0.00      0.00         0
  32241452        0.00      0.00      0.00         0
  32243420        0.00      0.00      0.00         0
  32243527        0.00      0.00      0.00         0
  32243781        0.00      0.00      0.00         0
  32243883        0.09      0.50      0.15         2
  32244449        0.00      0.00      0.00         0
  32244517        0.00      0.00      0.00         0
  32244683        0.00      0.00      0.00         0
  32246604        0.00      0.00      0.00         0
  32247005        0.00      0.00      0.00         0
  32247496        0.00      0.00      0.00         0
  32247506        0.00      0.00      0.00         0
  32247538        0.00      0.00      0.00         4
  32247579        0.00      0.00      0.00         0
  32254682        0.00      0.00      0.00         0
  32257564        0.00      0.00      0.00         0
  32257572        0.00      0.00      0.00         0
  32258487        0.00      0.00      0.00         0
  32259141        0.00      0.00      0.00         1
  32259778        0.00      0.00      0.00         0
  32260374        0.00      0.00      0.00         0
  32265890        0.00      0.00      0.00         0
  32276596        0.00      0.00      0.00         0
  32278176        0.00      0.00      0.00         0
  32278405        0.00      0.00      0.00         0
  32278466        0.00      0.00      0.00         0
  32321817        0.00      0.00      0.00         0

avg / total       0.14      0.03      0.05       748
